% case 2 Chen and Beraun case 2: 0.015 J/m^2

timeVec = [ 0.1000E-16
 0.1000E-13
 0.2000E-13
 0.3000E-13
 0.4000E-13
 0.5000E-13
 0.6000E-13
 0.7000E-13
 0.8000E-13
 0.9000E-13
 0.1000E-12
 0.1100E-12
 0.1200E-12
 0.1300E-12
 0.1400E-12
 0.1500E-12
 0.1600E-12
 0.1700E-12
 0.1800E-12
 0.1900E-12
 0.2000E-12
 0.2100E-12
 0.2200E-12
 0.2300E-12
 0.2400E-12
 0.2500E-12
 0.2600E-12
 0.2700E-12
 0.2800E-12
 0.2900E-12
 0.3000E-12
 0.3100E-12
 0.3200E-12
 0.3300E-12
 0.3400E-12
 0.3500E-12
 0.3600E-12
 0.3700E-12
 0.3800E-12
 0.3900E-12
 0.4000E-12
 0.4100E-12
 0.4200E-12
 0.4300E-12
 0.4400E-12
 0.4500E-12
 0.4600E-12
 0.4700E-12
 0.4800E-12
 0.4900E-12
 0.5000E-12
 0.5100E-12
 0.5200E-12
 0.5300E-12
 0.5400E-12
 0.5500E-12
 0.5600E-12
 0.5700E-12
 0.5800E-12
 0.5900E-12
 0.6000E-12
 0.6100E-12
 0.6200E-12
 0.6300E-12
 0.6400E-12
 0.6500E-12
 0.6600E-12
 0.6700E-12
 0.6800E-12
 0.6900E-12
 0.7000E-12
 0.7100E-12
 0.7200E-12
 0.7300E-12
 0.7400E-12
 0.7500E-12
 0.7600E-12
 0.7700E-12
 0.7800E-12
 0.7900E-12
 0.8000E-12
 0.8100E-12
 0.8200E-12
 0.8300E-12
 0.8400E-12
 0.8500E-12
 0.8600E-12
 0.8700E-12
 0.8800E-12
 0.8900E-12
 0.9000E-12
 0.9100E-12
 0.9200E-12
 0.9300E-12
 0.9400E-12
 0.9500E-12
 0.9600E-12
 0.9700E-12
 0.9800E-12
 0.9900E-12
 0.1000E-11
 0.1010E-11
 0.1020E-11
 0.1030E-11
 0.1040E-11
 0.1050E-11
 0.1060E-11
 0.1070E-11
 0.1080E-11
 0.1090E-11
 0.1100E-11
 0.1110E-11
 0.1120E-11
 0.1130E-11
 0.1140E-11
 0.1150E-11
 0.1160E-11
 0.1170E-11
 0.1180E-11
 0.1190E-11
 0.1200E-11
 0.1210E-11
 0.1220E-11
 0.1230E-11
 0.1240E-11
 0.1250E-11
 0.1260E-11
 0.1270E-11
 0.1280E-11
 0.1290E-11
 0.1300E-11
 0.1310E-11
 0.1320E-11
 0.1330E-11
 0.1340E-11
 0.1350E-11
 0.1360E-11
 0.1370E-11
 0.1380E-11
 0.1390E-11
 0.1400E-11
 0.1410E-11
 0.1420E-11
 0.1430E-11
 0.1440E-11
 0.1450E-11
 0.1460E-11
 0.1470E-11
 0.1480E-11
 0.1490E-11
 0.1500E-11
 0.1510E-11
 0.1520E-11
 0.1530E-11
 0.1540E-11
 0.1550E-11
 0.1560E-11
 0.1570E-11
 0.1580E-11
 0.1590E-11
 0.1600E-11
 0.1610E-11
 0.1620E-11
 0.1630E-11
 0.1640E-11
 0.1650E-11
 0.1660E-11
 0.1670E-11
 0.1680E-11
 0.1690E-11
 0.1700E-11
 0.1710E-11
 0.1720E-11
 0.1730E-11
 0.1740E-11
 0.1750E-11
 0.1760E-11
 0.1770E-11
 0.1780E-11
 0.1790E-11
 0.1800E-11
 0.1810E-11
 0.1820E-11
 0.1830E-11
 0.1840E-11
 0.1850E-11
 0.1860E-11
 0.1870E-11
 0.1880E-11
 0.1890E-11
 0.1900E-11
 0.1910E-11
 0.1920E-11
 0.1930E-11
 0.1940E-11
 0.1950E-11
 0.1960E-11
 0.1970E-11
 0.1980E-11
 0.1990E-11
 0.2000E-11
 0.2010E-11
 0.2020E-11
 0.2030E-11
 0.2040E-11
 0.2050E-11
 0.2060E-11
 0.2070E-11
 0.2080E-11
 0.2090E-11
 0.2100E-11
 0.2110E-11
 0.2120E-11
 0.2130E-11
 0.2140E-11
 0.2150E-11
 0.2160E-11
 0.2170E-11
 0.2180E-11
 0.2190E-11
 0.2200E-11
 0.2210E-11
 0.2220E-11
 0.2230E-11
 0.2240E-11
 0.2250E-11
 0.2260E-11
 0.2270E-11
 0.2280E-11
 0.2290E-11
 0.2300E-11
 0.2310E-11
 0.2320E-11
 0.2330E-11
 0.2340E-11
 0.2350E-11
 0.2360E-11
 0.2370E-11
 0.2380E-11
 0.2390E-11
 0.2400E-11
 0.2410E-11
 0.2420E-11
 0.2430E-11
 0.2440E-11
 0.2450E-11
 0.2460E-11
 0.2470E-11
 0.2480E-11
 0.2490E-11
 0.2500E-11
 0.2510E-11
 0.2520E-11
 0.2530E-11
 0.2540E-11
 0.2550E-11
 0.2560E-11
 0.2570E-11
 0.2580E-11
 0.2590E-11
 0.2600E-11
 0.2610E-11
 0.2620E-11
 0.2630E-11
 0.2640E-11
 0.2650E-11
 0.2660E-11
 0.2670E-11
 0.2680E-11
 0.2690E-11
 0.2700E-11
 0.2710E-11
 0.2720E-11
 0.2730E-11
 0.2740E-11
 0.2750E-11
 0.2760E-11
 0.2770E-11
 0.2780E-11
 0.2790E-11
 0.2800E-11
 0.2810E-11
 0.2820E-11
 0.2830E-11
 0.2840E-11
 0.2850E-11
 0.2860E-11
 0.2870E-11
 0.2880E-11
 0.2890E-11
 0.2900E-11
 0.2910E-11
 0.2920E-11
 0.2930E-11
 0.2940E-11
 0.2950E-11
 0.2960E-11
 0.2970E-11
 0.2980E-11
 0.2990E-11
 0.3000E-11
 0.3010E-11
 0.3020E-11
 0.3030E-11
 0.3040E-11
 0.3050E-11
 0.3060E-11
 0.3070E-11
 0.3080E-11
 0.3090E-11
 0.3100E-11
 0.3110E-11
 0.3120E-11
 0.3130E-11
 0.3140E-11
 0.3150E-11
 0.3160E-11
 0.3170E-11
 0.3180E-11
 0.3190E-11
 0.3200E-11
 0.3210E-11
 0.3220E-11
 0.3230E-11
 0.3240E-11
 0.3250E-11
 0.3260E-11
 0.3270E-11
 0.3280E-11
 0.3290E-11
 0.3300E-11
 0.3310E-11
 0.3320E-11
 0.3330E-11
 0.3340E-11
 0.3350E-11
 0.3360E-11
 0.3370E-11
 0.3380E-11
 0.3390E-11
 0.3400E-11
 0.3410E-11
 0.3420E-11
 0.3430E-11
 0.3440E-11
 0.3450E-11
 0.3460E-11
 0.3470E-11
 0.3480E-11
 0.3490E-11
 0.3500E-11
 0.3510E-11
 0.3520E-11
 0.3530E-11
 0.3540E-11
 0.3550E-11
 0.3560E-11
 0.3570E-11
 0.3580E-11
 0.3590E-11
 0.3600E-11
 0.3610E-11
 0.3620E-11
 0.3630E-11
 0.3640E-11
 0.3650E-11
 0.3660E-11
 0.3670E-11
 0.3680E-11
 0.3690E-11
 0.3700E-11
 0.3710E-11
 0.3720E-11
 0.3730E-11
 0.3740E-11
 0.3750E-11
 0.3760E-11
 0.3770E-11
 0.3780E-11
 0.3790E-11
 0.3800E-11
 0.3810E-11
 0.3820E-11
 0.3830E-11
 0.3840E-11
 0.3850E-11
 0.3860E-11
 0.3870E-11
 0.3880E-11
 0.3890E-11
 0.3900E-11
 0.3910E-11
 0.3920E-11
 0.3930E-11
 0.3940E-11
 0.3950E-11
 0.3960E-11
 0.3970E-11
 0.3980E-11
 0.3990E-11
 0.4000E-11
 0.4010E-11
 0.4020E-11
 0.4030E-11
 0.4040E-11
 0.4050E-11
 0.4060E-11
 0.4070E-11
 0.4080E-11
 0.4090E-11
 0.4100E-11
 0.4110E-11
 0.4120E-11
 0.4130E-11
 0.4140E-11
 0.4150E-11
 0.4160E-11
 0.4170E-11
 0.4180E-11
 0.4190E-11
 0.4200E-11
 0.4210E-11
 0.4220E-11
 0.4230E-11
 0.4240E-11
 0.4250E-11
 0.4260E-11
 0.4270E-11
 0.4280E-11
 0.4290E-11
 0.4300E-11
 0.4310E-11
 0.4320E-11
 0.4330E-11
 0.4340E-11
 0.4350E-11
 0.4360E-11
 0.4370E-11
 0.4380E-11
 0.4390E-11
 0.4400E-11
 0.4410E-11
 0.4420E-11
 0.4430E-11
 0.4440E-11
 0.4450E-11
 0.4460E-11
 0.4470E-11
 0.4480E-11
 0.4490E-11
 0.4500E-11
 0.4510E-11
 0.4520E-11
 0.4530E-11
 0.4540E-11
 0.4550E-11
 0.4560E-11
 0.4570E-11
 0.4580E-11
 0.4590E-11
 0.4600E-11
 0.4610E-11
 0.4620E-11
 0.4630E-11
 0.4640E-11
 0.4650E-11
 0.4660E-11
 0.4670E-11
 0.4680E-11
 0.4690E-11
 0.4700E-11
 0.4710E-11
 0.4720E-11
 0.4730E-11
 0.4740E-11
 0.4750E-11
 0.4760E-11
 0.4770E-11
 0.4780E-11
 0.4790E-11
 0.4800E-11
 0.4810E-11
 0.4820E-11
 0.4830E-11
 0.4840E-11
 0.4850E-11
 0.4860E-11
 0.4870E-11
 0.4880E-11
 0.4890E-11
 0.4900E-11
 0.4910E-11
 0.4920E-11
 0.4930E-11
 0.4940E-11
 0.4950E-11
 0.4960E-11
 0.4970E-11
 0.4980E-11
 0.4990E-11
 0.5000E-11];

